12 solutions:

0: 4 4 0 1 
1: 1 0 5 3 
2: 7 6 3 8 
3: 3 5 7 7 
4: 2 1 6 2 
5: 6 8 2 0 
6: 5 2 4 4 
7: 0 7 8 6 
8: 8 3 1 5 

0: 4 4 0 1 
1: 1 1 5 3 
2: 7 6 3 8 
3: 3 5 7 7 
4: 2 0 6 2 
5: 6 8 2 0 
6: 5 2 4 4 
7: 0 7 8 6 
8: 8 3 1 5 

0: 2 4 0 2 
1: 1 0 5 3 
2: 7 6 3 8 
3: 3 5 7 7 
4: 4 1 6 0 
5: 5 8 2 1 
6: 6 2 4 4 
7: 0 7 8 6 
8: 8 3 1 5 

0: 2 4 0 2 
1: 1 0 5 3 
2: 7 6 3 8 
3: 3 5 7 7 
4: 6 1 6 0 
5: 5 8 2 1 
6: 4 2 4 4 
7: 0 7 8 6 
8: 8 3 1 5 

0: 2 4 0 2 
1: 1 1 5 3 
2: 7 6 3 8 
3: 3 5 7 7 
4: 4 0 6 0 
5: 5 8 2 1 
6: 6 2 4 4 
7: 0 7 8 6 
8: 8 3 1 5 

0: 2 4 0 2 
1: 1 1 5 3 
2: 7 6 3 8 
3: 3 5 7 7 
4: 6 0 6 0 
5: 5 8 2 1 
6: 4 2 4 4 
7: 0 7 8 6 
8: 8 3 1 5 

0: 6 4 0 1 
1: 1 0 5 3 
2: 7 6 3 8 
3: 3 5 7 7 
4: 2 1 6 2 
5: 4 8 2 0 
6: 5 2 4 4 
7: 0 7 8 6 
8: 8 3 1 5 

0: 6 4 0 1 
1: 1 1 5 3 
2: 7 6 3 8 
3: 3 5 7 7 
4: 2 0 6 2 
5: 4 8 2 0 
6: 5 2 4 4 
7: 0 7 8 6 
8: 8 3 1 5 

0: 5 4 0 1 
1: 1 0 5 3 
2: 7 6 3 8 
3: 3 5 7 7 
4: 2 1 6 2 
5: 4 8 2 0 
6: 6 2 4 4 
7: 0 7 8 6 
8: 8 3 1 5 

0: 5 4 0 1 
1: 1 0 5 3 
2: 7 6 3 8 
3: 3 5 7 7 
4: 2 1 6 2 
5: 6 8 2 0 
6: 4 2 4 4 
7: 0 7 8 6 
8: 8 3 1 5 

0: 5 4 0 1 
1: 1 1 5 3 
2: 7 6 3 8 
3: 3 5 7 7 
4: 2 0 6 2 
5: 4 8 2 0 
6: 6 2 4 4 
7: 0 7 8 6 
8: 8 3 1 5 

0: 5 4 0 1 
1: 1 1 5 3 
2: 7 6 3 8 
3: 3 5 7 7 
4: 2 0 6 2 
5: 6 8 2 0 
6: 4 2 4 4 
7: 0 7 8 6 
8: 8 3 1 5 

